1083
2874
2277
2121
3744
276
3623
1137
1761
3819
2685
1318
1555
275
1002
1410
81
2849
2593
3178
1884
2438
3129
3131
2428
1416
62
684
2085
62
1217
3584
3029
71
2223
1418
2233
2408
3166
2589
1263
2241
804
2319
2247
1706
3746
394
2146
2351
1310
3695
2300
3109
3758
2055
1159
2376
2896
487
3949
2930
1751
671
1686
378
703
959
2250
3303
1793
1798
2062
2640
2659
2441
3339
1329
807
2365
2765
396
3683
1153
3015
3897
497
586
3795
2603
604
556
1623
2145
315
2914
196
1542
1434
2651
23
1958
1140
1601
322
397
3869
423
69
989
3420
2926
2422
1259
3829
2772
3904
2391
388
3066
391
1927
1286
1744
1929
2687
3473
2367
1184
3806
3045
2770
229
1880
762
2402
270
3340
3960
509
1112
1569
805
2066
2656
1570
888
1884
1930
722
1901
1897
1317
302
1586
2629
1094
1054
1630
3432
144
2136
2273
2136
1942
2641
183
1564
23
3168
3894
1215
1736
2578
2598
893
1231
195
2832
3469
1163
1439
2895
203
433
2837
579
3393
594
2037
3685
1201
312
1638
1493
2626
3471
518
1999
612
1664
3839
1756
1121
3065
3970
260
2275
1128
1315
929
924
710
2897
1262
2614
720
2928
1407
2807
3761
2165
2186
848
2300
381
387
1954
20
2859
1158
750
590
3196
2157
3512
2446
2984
354
1783
271
2487
334
1435
2271
701
3247
3035
2790
2612
3912
3451
3719
1556
82
823
1118
466
1616
686
2122
466
2721
301
1828
1322
3439
2390
1101
149
3524
1838
2599
241
508
3424
3257
1846
1973
209
694
2898
2211
2753
1975
2790
192
2042
1957
599
864
1273
3603
1009
2019
2358
1255
1087
708
177
537
3967
1807
635
468
3974
591
3998
2714
2672
708
1674
2725
161
3603
1789
455
3709
760
3599
3347
1761
2871
727
1268
1276
2480
221
379
3053
913
892
470
3226
2341
851
636
3722
1194
2825
3621
2464
3393
2555
3862
2260
2078
2020
2778
80
3487
2919
2604
2948
89
860
2226
2566
557
821
3203
3049
2458
779
1512
1625
364
3370
2496
3281
435
3318
2590
1561
142
3128
3693
2015
3622
841
2036
1104
2935
1401
2677
1075
3081
156
1871
931
1725
51
1827
1991
2851
3251
1843
3472
3304
2675
2278
1806
748
3287
1001
2415
369
2260
1616
3125
3536
2143
58
3859
3718
599
1137
1668
3436
972
1168
1960
772
1482
3776
2011
2191
678
3579
3316
3099
3491
306
759
410
2914
3178
215
1582
2212
928
3084
736
3324
334
3181
112
2486
229
3690
2534
2719
2586
3240
327
1711
1950
249
803
858
1605
1944
683
3214
2215
1087
2305
2313
1893
2693
2503
1563
2916
182
2873
2836
1269
3408
503
1802
2005
2008
3419
2856
271
2424
2505
2134
3712
2837
1891
3265
3155
2096
1628
648
650
3641
2468
2754
3134
907
1410
1487
1342
1513
2689
3129
3795
1107
161
3398
2628
2692
878
3037
1461
3434
1262
3475
10
1123
1043
1041
1514
1361
1360
1348
2335
186
3048
2304
2681
2623
547
3793
946
2711
1178
256
1420
3175
2481
511
3543
2176
3684
2353
1199
1461
3866
3577
3169
2455
2870
765
1518
3599
1197
342
3848
1751
3986
311
1946
789
460
1048
2341
3861
3049
3454
2180
3938
3724
2728
2385
801
1985
89
3584
2795
2609
2749
1417
2020
3090
3257
2467
2620
3478
2036
76
2754
515
1244
2789
3072
1251
1494
3386
3511
1233
2086
1376
2328
2708
3831
2998
1499
2153
519
3374
3456
1400
3570
2085
2304
3625
1114
142
1103
2095
3376
3245
3536
1986
2657
3134
852
1963
2176
2262
1777
3800
2220
3266
987
463
2141
3788
866
3839
3569
2715
3368
2707
2477
2010
3133
1728
82
3985
2681
253
446
1103
2069
2738
2652
3562
2566
72
3817
541
3447
1568
2916
1903
642
3424
1585
3636
1258
489
2217
1293
3672
804
514
2379
401
3194
471
3281
592
323
1492
631
2309
3222
864
1995
2153
1823
358
2546
1117
3662
1090
459
3806
940
2661
53
2567
3113
5
3591
420
785
3045
893
3374
765
3932
1555
71
3045
3012
2537
3028
19
3873
2534
914
307
2251
3897
1846
934
2202
155
581
3030
3534
3344
1965
4
2104
3821
1982
3389
393
2131
3145
1675
1333
665
3539
1063
2530
1288
1397
1037
2867
2271
2356
1448
1708
2807
1976
3916
353
3329
3787
3042
3871
3148
2736
3229
1079
546
381
1132
1090
1362
1334
3817
1174
1480
1895
750
2788
2392
1406
2663
2666
2491
3267
674
2652
1968
3573
3235
74
3651
67
1972
1262
2858
1315
2362
2452
268
3506
1443
3814
1373
265
571
3219
2373
600
829
1660
638
2562
2214
3931
1372
372
3494
623
3783
3043
784
1416
2339
2209
1329
1676
1713
1884
2525
3428
942
1011
964
1703
2393
3638
2244
1376
2514
2809
3640
446
2750
1428
2223
2968
615
858
2519
2203
1728
308
2071
3921
2119
1914
956
2864
1251
3053
2603
2012
3628
3348
2870
538
329
3856
1130
1554
2645
2110
1924
3295
3707
969
963
1559
2977
138
2521
274
3873
509
3196
3865
3665
129
1049
2380
356
107
3432
1039
1258
1640
2170
1650
2450
3725
815
1948
176
1852
1284
1939
3962
1910
1289
2251
1964
1591
3569
457
2635
1682
898
3922
1415
3242
3597
3605
217
395
1079
849
3532
1763
1558
1988
3032
2688
1112
1234
3529
3366
2652
3214
894
493
1348
616
910
1781
2914
3379
2725
839
2639
3537
2699
1194
3546
510
1158
3327
1406
2518
1046
1145
1133
100
1854
2140
2056
2504
802
3953
1968
1187
940
835
439
1218
3145
953
368
3877
3536
3440
3397
1099
1187
1333
455
3836
2798
2364
1247
2194
1196
831
3363
197
200
1879
5
1682
3329
1648
3845
3943
3719
1804
3687
2062
1091
1110
2655
1331
83
2561
745
1299
2226
1949
3157
835
85
2070
1343
474
498
265
2877
28
764
2083
2801
3684
2153
3991
1278
1454
948
2844
3032
3230
318
1025
212
3760
3920
1806
3454
189
1211
1560
3626
1126
1248
97
130
2401
556
3338
1245
1661
3867
2325
1265
243
3262
507
1471
3403
2422
3143
3277
1416
1120
717
3186
689
3659
3211
618
3645
676
698
3496
2362
2675
592
1035
2746
1630
2806
2601
411
2667
3169
2121
3346
227
3663
1453
563
1362
576
684
287
2699
623
3293
1194
2537
1355
1711
1063
3344
1078
2486
2355
2769
1593
3935
1563
3852
674
3077
2347
1136
1147
1116
3060
894
136
875
3769
1068
349
151
503
3109
3289
2650
3182
1805
2596
1298
3408
1667
2112
2773
420
1919
3726
354
2071
1562
1185
1652
513
1485
215
528
2607
3346
2425
3197
2098
1287
2928
595
3812
2033
1538
2923
2450
2940
616
1015
714
1568
3629
1867
2722
256
2309
3992
1763
1068
1895
954
2320
1095
2697
2855
2647
515
1719
743
1586
135
399
675
90
146
3131
1814
2378
1210
3564
3265
3723
3373
976
955
2241
473
2992
3589
2193
1639
1353
3579
1549
2049
1413
550
2814
2900
2292
398
3853
1841
3628
1901
2574
974
1691
799
1289
522
3172
2197
1318
3885
702
2921
1204
2317
677
652
1399
2509
2746
3771
1036
2880
478
1232
1881
1451
327
2101
1270
393
2556
2899
3922
840
3763
905
1860
688
1444
2615
1967
708
2026
2202
2864
2721
2454
1746
3239
3235
3215
1343
800
2215
2698
3403
1405
3851
3201
3872
1794
2898
723
3066
3292
388
1657
695
302
3985
2272
299
1690
3126
2056
2417
553
3384
1464
2235
663
1006
1243
3178
734
2875
2331
1529
2813
2616
504
340
3172
2256
3141
2214
2367
3717
2912
48
669
113
396
2261
3899
2407
813
2322
2194
2103
3007
2123
3066
592
1139
1089
3449
575
3750
2335
3757
598
928
1204
3633
1545
3814
1115
623
3793
3293
3669
1155
1747
220
2520
1063
1371
2572
2945
3872
3554
287
166
2404
1966
522
2566
3559
248
1824
1761
481
3593
3820
2980
2781
3006
3562
3580
32
3595
1475
876
3060
28
2564
1466
1777
86
1370
2211
2375
411
876
3727
458
205
3732
3519
2170
1098
2779
2531
1229
117
1328
1960
1787
54
2181
1902
2759
1655
1735
760
1157
2991
3159
2973
2828
2940
2250
2523
3034
3337
1625
3499
1310
815
2598
495
2886
1624
1612
3336
1541
2174
2145
933
2497
2098
3147
661
1942
3449
1852
1501
714
49
2603
869
1614
209
3248
2893
1134
590
668
670
3350
3482
1235
1371
192
902
455
629
3774
2600
1490
1822
1952
1113
2191
3061
1475
1301
3254
832
2871
3301
882
2456
491
3577
65
734
3190
3214
327
715
1765
1808
1391
2214
3452
2905
3008
2030
3211
1752
919
439
1007
3372
647
2226
1921
2255
2378
644
1023
656
418
664
3829
856
1712
1841
872
3151
1584
120
799
3959
879
1684
718
3893
3819
1751
160
1360
741
3156
3648
914
3141
1263
260
1515
1675
749
2615
21
141
683
769
3731
1906
1802
3957
914
3337
2535
3448
2705
1959
1609
617
253
219
1172
3121
437
3664
3098
1351
1837
414
1809
3648
1741
3725
1728
178
3065
1160
274
3972
3628
3546
77
180
2557
3111
3517
324
3428
2697
3562
2050
3894
3686
840
1810
3051
2922
2380
2266
1025
2951
3228
2185
1913
3109
1631
837
3583
3335
3284
2545
1800
2012
2559
3159
1844
2079
2590
3959
2706
3340
2553
2316
547
1630
3736
439
2038
714
1390
3307
1939
1970
1939
1812
1108
2919
2480
2820
2252
734
116
3900
587
2477
1027
2867
410
1763
3053
870
3681
705
3677
3292
1513
1081
3976
853
1403
2625
1061
3438
1894
3124
2812
3156
544
3845
2263
1859
1636
2945
2453
1081
1594
2272
2749
3132
436
1416
3952
1412
1300
1374
1975
1798
1835
329
763
1790
540
3205
180
2681
287
1889
1273
3100
3138
854
2614
117
650
1028
1212
92
2583
1162
146
837
5
3425
3305
1509
1871
1238
2445
957
1102
227
375
2728
2206
2345
2047
318
3490
268
2895
418
30
2315
1523
1359
2786
3098
2477
3385
3751
190
357
291
2866
3044
2685
413
373
3614
2434
2103
1269
507
926
1958
2310
3394
1355
1873
2098
715
994
122
856
3546
3601
2532
2289
1241
907
1829
1071
3024
3002
3401
2046
1444
1647
1632
1964
2665
3706
3077
741
1989
3285
2060
1334
2435
2394
360
3795
177
2645
1174
2517
2103
2677
3945
1019
3123
3964
1075
785
3765
3605
1964
1166
3796
197
2242
887
2316
3962
2270
3137
1109
416
334
756
1
562
3349
683
3025
2478
1867
2519
2772
65
1618
3619
2590
1122
1686
2611
1121
1915
576
1733
1738
3361
3832
986
3898
3077
2100
1134
95
866
3553
738
1487
1783
428
3163
2337
175
1966
3523
1032
2811
1170
910
3884
1090
1092
567
230
943
1784
1416
3096
1320
308
3513
1639
223
348
1455
2167
3393
2744
358
3521
267
1667
777
3699
2813
3218
1278
3140
3495
478
639
2866
1888
2705
867
506
1973
3273
539
2004
2110
2156
3000
3464
1100
2121
9
2513
2207
1926
3106
1164
3508
1868
985
1020
3035
171
1770
2110
1767
3626
2811
1028
703
2511
3193
3697
3569
2343
1441
2736
1894
3443
2075
2001
2769
1072
992
512
993
3361
1148
1635
2421
3483
3854
2513
2991
3821
109
1610
3105
3625
3429
1558
2724
595
3871
926
3496
422
2174
769
390
1981
3173
660
3185
901
3191
1978
2378
1340
982
3003
19
2021
2573
3972
699
1804
1801
3034
696
80
3650
2684
2099
722
3703
1237
765
1113
3415
2267
1504
2943
3068
1447
3024
1051
2738
2993
3008
715
566
3399
2640
702
3865
2346
2660
476
356
2981
3377
915
1813
586
3760
1087
1959
1003
1877
276
3952
3954
1369
3627
3588
1502
1875
3623
1878
2362
517
1507
191
3419
2898
2074
3063
2486
3822
3890
3744
2364
814
3045
2883
3828
1247
1358
2770
3891
370
2221
2092
3546
2644
631
2335
299
828
3325
2535
1065
2014
3190
820
2476
349
1004
1899
1246
3325
192
3075
3349
3445
3579
2415
1005
2819
1011
3451
1346
218
3830
112
2918
3863
1814
2770
2533
1554
3440
136
3027
2927
1882
1243
1389
3763
2505
1655
757
308
92
2000
1092
842
3145
1822
619
1089
3714
2888
2218
2640
900
991
3948
3044
3131
3585
2237
2838
3317
2590
778
2171
1090
3863
1747
3482
3524
930
2703
3384
2041
3402
2364
3407
3746
2388
512
477
1712
60
1026
2297
1482
1469
1087
1760
3453
2384
713
3950
2112
460
546
168
3714
2476
3633
3125
1811
750
479
3693
2316
2583
753
522
859
3412
1538
1947
143
1947
2300
664
1789
3984
3794
3951
2349
3011
2173
189
1220
2519
2833
2936
3022
926
1884
1161
2855
3711
3290
3511
39
3482
856
3294
3944
3106
323
1919
2773
2857
3212
785
1329
3513
2170
2709
3168
2238
3756
3015
1206
2978
1706
3984
3706
1392
1062
1816
2615
3770
1781
3737
1695
3638
3876
1295
1308
2083
2136
1644
2005
1481
998
392
1209
2367
1036
2165
1323
2694
458
2128
2826
338
3457
1684
2139
1672
966
1864
2549
2051
770
1753
3529
2897
3625
2850
3980
1371
3797
1223
195
449
2655
2978
714
3523
3322
3124
1024
1853
428
957
83
1546
3401
1031
1187
2569
493
2621
3030
1309
1654
633
2136
494
1692
1882
876
1005
1166
3732
3123
180
3787
417
1879
1324
153
2966
3477
3272
933
209
2438
143
2040
2894
1992
1207
1937
2521
941
2765
3909
3197
2240
3537
2193
1979
3791
3517
3255
3639
1241
774
3260
844
3638
604
1181
3999
3165
3884
3177
2481
3862
2884
992
461
1949
1526
3270
1634
3887
886
2243
1067
3477
222
1338
3594
1226
3760
100
2387
2378
3963
2889
2884
2425
1175
2074
2322
653
3883
365
2335
824
3054
1014
2600
950
106
3807
3323
3536
892
2756
3494
491
1144
461
3049
3440
2794
3369
1453
1497
2743
99
335
3188
866
3204
789
2423
2922
1797
161
2880
2385
142
3939
3944
1751
3152
1608
1924
2917
2620
2609
3446
645
1982
2335
3639
2478
3673
3977
281
254
1632
1904
3677
3905
2190
3882
1584
1006
2563
3834
1250
3536
380
97
581
2305
462
2638
2654
3474
2526
689
2667
2600
2592
109
2737
1409
1802
1387
1888
1268
1044
3851
69
343
2830
342
3373
2393
1278
399
3889
1775
756
2695
2946
2156
3468
2192
594
650
3488
297
1117
1189
1735
3384
2258
2982
2990
3319
1282
3998
1009
1477
1187
1992
1751
60
1
3281
3399
387
3010
2867
2218
3865
2836
1437
3102
3538
2582
3886
2164
1631
416
2816
1544
1477
111
674
3835
1936
3921
30
14
1377
1801
697
1692
610
1824
1176
2004
3322
2280
3456
2418
1371
1134
3574
2713
1209
2268
901
1136
853
1864
61
3830
984
604
2041
2595
2363
34
2937
3964
2435
2764
3470
1810
3210
3038
3828
2040
3160
2937
1177
2816
1457
1316
60
1233
647
2809
3793
2406
2928
1833
1728
1126
3379
3117
525
2363
1052
3466
3379
2193
879
2592
554
2958
3865
1103
2440
3080
3618
3814
2339
2023
894
106
275
3288
3906
3328
2870
1963
3444
1463
2222
2891
1884
2293
3749
1047
151
476
272
1665
3242
568
113
3042
1587
3752
2775
855
2970
2406
2497
2525
295
1333
1823
3621
3438
998
1305
51
229
839
3369
953
2710
73
899
2219
143
1580
2933
3583
3863
2249
2441
3363
2363
3259
2919
698
2855
3019
951
340
144
2455
3813
681
3117
543
1757
1906
2662
523
2038
581
165
2428
3307
2059
2505
1454
2468
671
410
3654
1843
1861
2583
414
1275
1060
2890
3722
1323
3009
2685
3590
2759
58
2661
3934
3815
3260
1596
2649
3385
1378
1198
3331
2018
3883
42
3062
1186
853
1240
228
2646
2620
1609
1284
2038
585
2249
3094
510
761
2417
1557
1898
3211
3737
2936
3643
901
1579
996
2486
164
500
3090
2764
62
1459
1496
916
2199
3475
2007
627
411
3926
2849
798
1854
1639
3300
3735
1870
3729
2424
83
497
2414
3841
2332
705
375
3808
882
3680
2587
2268
652
570
3531
1449
3452
1078
817
371
2225
1496
1729
2377
1014
3254
3048
3432
1847
2741
1153
259
772
799
3655
3628
3982
2371
2084
546
3631
3274
903
2902
3782
817
1588
508
3328
1832
1238
2315
3410
870
2384
1552
1218
2598
2257
3766
837
1826
1925
3658
2499
394
392
1742
375
1985
2389
892
2578
3413
1789
2964
3871
3289
3379
804
2594
3296
3941
3828
442
1528
2565
3755
1445
2273
2885
2049
1251
2025
576
609
3314
2885
757
3994
1720
2925
1519
2180
2592
533
2880
3402
3803
1988
556
2359
2632
2483
2561
1953
2894
1603
3493
557
741
1659
2728
477
757
2461
3256
2429
2583
3556
3187
902
247
605
3926
2476
2363
414
1428
1259
3837
1991
2691
1129
3028
884
2449
327
3953
1980
1332
2441
2245
745
1278
1280
3328
2260
655
2257
532
3612
36
2276
1496
611
1198
2794
2312
1670
1534
75
3338
3094
3516
876
428
3575
1846
2458
2888
3893
437
3317
1705
3230
2828
988
3560
3233
202
753
1967
2720
3663
1768
1758
564
1818
1553
3628
3742
3169
3424
